9.999999999999851230e-01 1.725715072465342102e-07 0.000000000000000000e+00 -8.000000000000000000e+00 -1.725715072465342102e-07 9.999999999999851230e-01 0.000000000000000000e+00 5.000000000000000000e+00 0.000000000000000000e+00 0.000000000000000000e+00 1.000000000000000000e+00 0.000000000000000000e+00
9.974426431687881678e-01 -7.147148794072795408e-02 0.000000000000000000e+00 -8.008509855840250324e+00 7.147148794072795408e-02 9.974426431687881678e-01 0.000000000000000000e+00 4.602325923642780481e+00 0.000000000000000000e+00 0.000000000000000000e+00 1.000000000000000000e+00 0.000000000000000000e+00
9.894766679955009359e-01 -1.446925136021947611e-01 0.000000000000000000e+00 -7.984857464445624053e+00 1.446925136021947611e-01 9.894766679955009359e-01 0.000000000000000000e+00 4.205802657798598077e+00 0.000000000000000000e+00 0.000000000000000000e+00 1.000000000000000000e+00 0.000000000000000000e+00
9.590309222416031343e-01 -2.833014122527811041e-01 0.000000000000000000e+00 -7.881114634891048354e+00 2.833014122527811041e-01 9.590309222416031343e-01 0.000000000000000000e+00 3.882278965524236458e+00 0.000000000000000000e+00 0.000000000000000000e+00 1.000000000000000000e+00 0.000000000000000000e+00
9.221950443702102707e-01 -3.867250963397977914e-01 0.000000000000000000e+00 -7.714997800819370255e+00 3.867250963397977914e-01 9.221950443702102707e-01 0.000000000000000000e+00 3.572455858524651973e+00 0.000000000000000000e+00 0.000000000000000000e+00 1.000000000000000000e+00 0.000000000000000000e+00
8.521997463309411991e-01 -5.232165826438220924e-01 0.000000000000000000e+00 -7.550549332451852891e+00 5.232165826438220924e-01 8.521997463309411991e-01 0.000000000000000000e+00 3.110615759663388324e+00 0.000000000000000000e+00 0.000000000000000000e+00 1.000000000000000000e+00 0.000000000000000000e+00
8.718205775277894087e-01 -4.898253572438973635e-01 0.000000000000000000e+00 -7.153401832057040721e+00 4.898253572438973635e-01 8.718205775277894087e-01 0.000000000000000000e+00 2.734223363386266925e+00 0.000000000000000000e+00 0.000000000000000000e+00 1.000000000000000000e+00 0.000000000000000000e+00
8.615080310572974520e-01 -5.077439437588385784e-01 0.000000000000000000e+00 -6.887787945306585335e+00 5.077439437588385784e-01 8.615080310572974520e-01 0.000000000000000000e+00 2.336375039402061038e+00 0.000000000000000000e+00 0.000000000000000000e+00 1.000000000000000000e+00 0.000000000000000000e+00
7.763820346384610049e-01 -6.302625931234088208e-01 0.000000000000000000e+00 -6.614195441418979193e+00 6.302625931234088208e-01 7.763820346384610049e-01 0.000000000000000000e+00 2.005352218337550507e+00 0.000000000000000000e+00 0.000000000000000000e+00 1.000000000000000000e+00 0.000000000000000000e+00
7.093562561711772574e-01 -7.048501272120274441e-01 0.000000000000000000e+00 -6.322632616841609376e+00 7.048501272120274441e-01 7.093562561711772574e-01 0.000000000000000000e+00 1.596331820152856018e+00 0.000000000000000000e+00 0.000000000000000000e+00 1.000000000000000000e+00 0.000000000000000000e+00
6.726130180179201723e-01 -7.399944107848551722e-01 0.000000000000000000e+00 -5.925414917608788024e+00 7.399944107848551722e-01 6.726130180179201723e-01 0.000000000000000000e+00 1.350530689087272140e+00 0.000000000000000000e+00 0.000000000000000000e+00 1.000000000000000000e+00 0.000000000000000000e+00
7.593354459353012231e-01 -6.506993780127942051e-01 0.000000000000000000e+00 -5.681683171189580328e+00 6.506993780127942051e-01 7.593354459353012231e-01 0.000000000000000000e+00 1.036899297298310207e+00 0.000000000000000000e+00 0.000000000000000000e+00 1.000000000000000000e+00 0.000000000000000000e+00
7.289087157602891498e-01 -6.846108997735034229e-01 0.000000000000000000e+00 -5.335682804580183181e+00 6.846108997735034229e-01 7.289087157602891498e-01 0.000000000000000000e+00 7.751199941064017551e-01 0.000000000000000000e+00 0.000000000000000000e+00 1.000000000000000000e+00 0.000000000000000000e+00
6.879349944018245955e-01 -7.257723082877726162e-01 0.000000000000000000e+00 -5.068178547721638338e+00 7.257723082877726162e-01 6.879349944018245955e-01 0.000000000000000000e+00 2.606041364673869487e-01 0.000000000000000000e+00 0.000000000000000000e+00 1.000000000000000000e+00 0.000000000000000000e+00
5.432909855140157784e-01 -8.395444628244590479e-01 0.000000000000000000e+00 -4.739671588085389686e+00 8.395444628244590479e-01 5.432909855140157784e-01 0.000000000000000000e+00 1.536602157462452489e-01 0.000000000000000000e+00 0.000000000000000000e+00 1.000000000000000000e+00 0.000000000000000000e+00
5.358080414272047287e-01 -8.443398265757353638e-01 0.000000000000000000e+00 -4.325698589201802946e+00 8.443398265757353638e-01 5.358080414272047287e-01 0.000000000000000000e+00 -1.488147819250183190e-01 0.000000000000000000e+00 0.000000000000000000e+00 1.000000000000000000e+00 0.000000000000000000e+00
4.230561075518021186e-01 -9.061034873915440047e-01 0.000000000000000000e+00 -4.129009383242498110e+00 9.061034873915440047e-01 4.230561075518021186e-01 0.000000000000000000e+00 -3.944956651924743096e-01 0.000000000000000000e+00 0.000000000000000000e+00 1.000000000000000000e+00 0.000000000000000000e+00
4.021432171487108742e-01 -9.155767760823145807e-01 0.000000000000000000e+00 -3.541061839443044423e+00 9.155767760823145807e-01 4.021432171487108742e-01 0.000000000000000000e+00 -5.581303000048530860e-01 0.000000000000000000e+00 0.000000000000000000e+00 1.000000000000000000e+00 0.000000000000000000e+00
4.693715001568504186e-01 -8.830007898300588076e-01 0.000000000000000000e+00 -3.181040786907445295e+00 8.830007898300588076e-01 4.693715001568504186e-01 0.000000000000000000e+00 -8.531001703094313049e-01 0.000000000000000000e+00 0.000000000000000000e+00 1.000000000000000000e+00 0.000000000000000000e+00
4.616135368509458048e-01 -8.870811364221203865e-01 0.000000000000000000e+00 -2.824000920929224723e+00 8.870811364221203865e-01 4.616135368509458048e-01 0.000000000000000000e+00 -8.516127397404102961e-01 0.000000000000000000e+00 0.000000000000000000e+00 1.000000000000000000e+00 0.000000000000000000e+00
3.409003795507500878e-01 -9.400994262428599146e-01 0.000000000000000000e+00 -2.901902940235919548e+00 9.400994262428599146e-01 3.409003795507500878e-01 0.000000000000000000e+00 -9.821602290040043481e-01 0.000000000000000000e+00 0.000000000000000000e+00 1.000000000000000000e+00 0.000000000000000000e+00
2.258521068635001572e-01 -9.741616014939811219e-01 0.000000000000000000e+00 -2.604267348877952415e+00 9.741616014939811219e-01 2.258521068635001572e-01 0.000000000000000000e+00 -9.532656058232757967e-01 0.000000000000000000e+00 0.000000000000000000e+00 1.000000000000000000e+00 0.000000000000000000e+00
1.030686083530295838e-01 -9.946742491751607851e-01 0.000000000000000000e+00 -2.107873555768586815e+00 9.946742491751607851e-01 1.030686083530295838e-01 0.000000000000000000e+00 -9.354436639125717212e-01 0.000000000000000000e+00 0.000000000000000000e+00 1.000000000000000000e+00 0.000000000000000000e+00
-1.144813114015034716e-01 -9.934254020004682495e-01 0.000000000000000000e+00 -1.699083774698502358e+00 9.934254020004682495e-01 -1.144813114015034716e-01 0.000000000000000000e+00 -8.430387903885089296e-01 0.000000000000000000e+00 0.000000000000000000e+00 1.000000000000000000e+00 0.000000000000000000e+00
-2.755420722045535120e-01 -9.612890129639579673e-01 0.000000000000000000e+00 -1.269888835821107786e+00 9.612890129639579673e-01 -2.755420722045535120e-01 0.000000000000000000e+00 -7.645662130606923901e-01 0.000000000000000000e+00 0.000000000000000000e+00 1.000000000000000000e+00 0.000000000000000000e+00
-4.137126816615015468e-01 -9.104075005361330630e-01 0.000000000000000000e+00 -9.668811783707751406e-01 9.104075005361330630e-01 -4.137126816615015468e-01 0.000000000000000000e+00 -5.546928265646564604e-01 0.000000000000000000e+00 0.000000000000000000e+00 1.000000000000000000e+00 0.000000000000000000e+00
-5.623190543537033292e-01 -8.269203595938104945e-01 0.000000000000000000e+00 -8.037526798087163415e-01 8.269203595938104945e-01 -5.623190543537033292e-01 0.000000000000000000e+00 -2.941781999164054251e-01 0.000000000000000000e+00 0.000000000000000000e+00 1.000000000000000000e+00 0.000000000000000000e+00
-6.464087245934604375e-01 -7.629913241770550636e-01 0.000000000000000000e+00 -6.348242264554236902e-01 7.629913241770550636e-01 -6.464087245934604375e-01 0.000000000000000000e+00 -9.626445750370335452e-02 0.000000000000000000e+00 0.000000000000000000e+00 1.000000000000000000e+00 0.000000000000000000e+00
-8.024733997067420299e-01 -5.966878939304061102e-01 0.000000000000000000e+00 -3.799847477081892966e-01 5.966878939304061102e-01 -8.024733997067420299e-01 0.000000000000000000e+00 2.439389684757971577e-01 0.000000000000000000e+00 0.000000000000000000e+00 1.000000000000000000e+00 0.000000000000000000e+00
-8.976517326060283741e-01 -4.407055331504192708e-01 0.000000000000000000e+00 -6.813298266522162250e-02 4.407055331504192708e-01 -8.976517326060283741e-01 0.000000000000000000e+00 6.527311495441183720e-01 0.000000000000000000e+00 0.000000000000000000e+00 1.000000000000000000e+00 0.000000000000000000e+00
9.255229612230642111e-01 3.786914948198472075e-01 0.000000000000000000e+00 5.463334461004645815e-02 -3.786914948198472075e-01 9.255229612230642111e-01 0.000000000000000000e+00 9.720835957358918700e-01 0.000000000000000000e+00 0.000000000000000000e+00 1.000000000000000000e+00 0.000000000000000000e+00
9.592209375522059434e-01 2.826573773342329066e-01 0.000000000000000000e+00 1.786337372343313468e-01 -2.826573773342329066e-01 9.592209375522059434e-01 0.000000000000000000e+00 1.497722395111442895e+00 0.000000000000000000e+00 0.000000000000000000e+00 1.000000000000000000e+00 0.000000000000000000e+00
9.750943335082750130e-01 2.217905335221790619e-01 0.000000000000000000e+00 2.634409568796274304e-01 -2.217905335221790619e-01 9.750943335082750130e-01 0.000000000000000000e+00 1.904279253856383303e+00 0.000000000000000000e+00 0.000000000000000000e+00 1.000000000000000000e+00 0.000000000000000000e+00
9.999991087105469800e-01 1.335132244985084461e-03 0.000000000000000000e+00 3.987029032691243313e-01 -1.335132244985084461e-03 9.999991087105469800e-01 0.000000000000000000e+00 2.141625004392066156e+00 0.000000000000000000e+00 0.000000000000000000e+00 1.000000000000000000e+00 0.000000000000000000e+00
9.813573695142532305e-01 -1.921918658530206159e-01 0.000000000000000000e+00 1.835782555215363654e-01 1.921918658530206159e-01 9.813573695142532305e-01 0.000000000000000000e+00 2.579434418399124240e+00 0.000000000000000000e+00 0.000000000000000000e+00 1.000000000000000000e+00 0.000000000000000000e+00
9.385007335332937739e-01 -3.452772410070921172e-01 0.000000000000000000e+00 6.710715363916937293e-03 3.452772410070921172e-01 9.385007335332937739e-01 0.000000000000000000e+00 3.033602561103505124e+00 0.000000000000000000e+00 0.000000000000000000e+00 1.000000000000000000e+00 0.000000000000000000e+00
8.668986052404906717e-01 -4.984845115267794169e-01 0.000000000000000000e+00 -2.746413139017849780e-01 4.984845115267794169e-01 8.668986052404906717e-01 0.000000000000000000e+00 3.317499317881854370e+00 0.000000000000000000e+00 0.000000000000000000e+00 1.000000000000000000e+00 0.000000000000000000e+00
7.715755614946200325e-01 -6.361376839209116341e-01 0.000000000000000000e+00 -4.151539933029523843e-01 6.361376839209116341e-01 7.715755614946200325e-01 0.000000000000000000e+00 3.763115338014493716e+00 0.000000000000000000e+00 0.000000000000000000e+00 1.000000000000000000e+00 0.000000000000000000e+00
7.630165528122090368e-01 -6.463789446869177002e-01 0.000000000000000000e+00 -5.897187429718141471e-01 6.463789446869177002e-01 7.630165528122090368e-01 0.000000000000000000e+00 4.161219758987164674e+00 0.000000000000000000e+00 0.000000000000000000e+00 1.000000000000000000e+00 0.000000000000000000e+00
7.466914534276877236e-01 -6.651705596146354482e-01 0.000000000000000000e+00 -9.229741276336360656e-01 6.651705596146354482e-01 7.466914534276877236e-01 0.000000000000000000e+00 4.619099303278132673e+00 0.000000000000000000e+00 0.000000000000000000e+00 1.000000000000000000e+00 0.000000000000000000e+00
-7.576180127459262170e-01 6.526982049637592986e-01 0.000000000000000000e+00 -8.345724321916210275e-01 -6.526982049637592986e-01 -7.576180127459262170e-01 0.000000000000000000e+00 4.477915790783791650e+00 0.000000000000000000e+00 0.000000000000000000e+00 1.000000000000000000e+00 0.000000000000000000e+00
6.318579066687702861e-01 -7.750842443116486846e-01 0.000000000000000000e+00 -1.408595781819936166e+00 7.750842443116486846e-01 6.318579066687702861e-01 0.000000000000000000e+00 4.937235161247502724e+00 0.000000000000000000e+00 0.000000000000000000e+00 1.000000000000000000e+00 0.000000000000000000e+00
4.743416620584900434e-01 -8.803408360604370042e-01 0.000000000000000000e+00 -1.790326731683059336e+00 8.803408360604370042e-01 4.743416620584900434e-01 0.000000000000000000e+00 5.160620463813484271e+00 0.000000000000000000e+00 0.000000000000000000e+00 1.000000000000000000e+00 0.000000000000000000e+00
3.807258435795032314e-01 -9.246879646835874933e-01 0.000000000000000000e+00 -2.226024427725248334e+00 9.246879646835874933e-01 3.807258435795032314e-01 0.000000000000000000e+00 5.512605070303974841e+00 0.000000000000000000e+00 0.000000000000000000e+00 1.000000000000000000e+00 0.000000000000000000e+00
2.741668703218682612e-01 -9.616821341887931140e-01 0.000000000000000000e+00 -2.689320115962033686e+00 9.616821341887931140e-01 2.741668703218682612e-01 0.000000000000000000e+00 5.797110551897842079e+00 0.000000000000000000e+00 0.000000000000000000e+00 1.000000000000000000e+00 0.000000000000000000e+00
2.109415045341785366e-01 -9.774986862727014225e-01 0.000000000000000000e+00 -3.174100638403392072e+00 9.774986862727014225e-01 2.109415045341785366e-01 0.000000000000000000e+00 5.849603976694062624e+00 0.000000000000000000e+00 0.000000000000000000e+00 1.000000000000000000e+00 0.000000000000000000e+00
1.795014360945528520e-01 -9.837577112480456742e-01 0.000000000000000000e+00 -3.557844950674536211e+00 9.837577112480456742e-01 1.795014360945528520e-01 0.000000000000000000e+00 5.890659568523766154e+00 0.000000000000000000e+00 0.000000000000000000e+00 1.000000000000000000e+00 0.000000000000000000e+00
5.322442791399087381e-02 -9.985825755906360124e-01 0.000000000000000000e+00 -4.069335523831936641e+00 9.985825755906360124e-01 5.322442791399087381e-02 0.000000000000000000e+00 6.201601846956497077e+00 0.000000000000000000e+00 0.000000000000000000e+00 1.000000000000000000e+00 0.000000000000000000e+00
-7.568258568867808345e-02 -9.971319602858369491e-01 0.000000000000000000e+00 -4.542033917880110572e+00 9.971319602858369491e-01 -7.568258568867808345e-02 0.000000000000000000e+00 6.180620629716027992e+00 0.000000000000000000e+00 0.000000000000000000e+00 1.000000000000000000e+00 0.000000000000000000e+00
-1.052579111305958631e-01 -9.944449568198451272e-01 0.000000000000000000e+00 -5.118078369599912136e+00 9.944449568198451272e-01 -1.052579111305958631e-01 0.000000000000000000e+00 6.172307478624284194e+00 0.000000000000000000e+00 0.000000000000000000e+00 1.000000000000000000e+00 0.000000000000000000e+00
-1.903347429253618162e-01 -9.817192499057643129e-01 0.000000000000000000e+00 -5.564100057191520676e+00 9.817192499057643129e-01 -1.903347429253618162e-01 0.000000000000000000e+00 6.215595042018565053e+00 0.000000000000000000e+00 0.000000000000000000e+00 1.000000000000000000e+00 0.000000000000000000e+00
-1.640258203750590560e-01 -9.864560457771490709e-01 0.000000000000000000e+00 -6.005275886484954917e+00 9.864560457771490709e-01 -1.640258203750590560e-01 0.000000000000000000e+00 6.052114835354057476e+00 0.000000000000000000e+00 0.000000000000000000e+00 1.000000000000000000e+00 0.000000000000000000e+00
-3.574047874299787764e-01 -9.339495799678544374e-01 0.000000000000000000e+00 -6.467891430892358962e+00 9.339495799678544374e-01 -3.574047874299787764e-01 0.000000000000000000e+00 6.025208429282320033e+00 0.000000000000000000e+00 0.000000000000000000e+00 1.000000000000000000e+00 0.000000000000000000e+00
-4.079633428880914403e-01 -9.129983082457346910e-01 0.000000000000000000e+00 -6.756046364273258220e+00 9.129983082457346910e-01 -4.079633428880914403e-01 0.000000000000000000e+00 6.051348132611326314e+00 0.000000000000000000e+00 0.000000000000000000e+00 1.000000000000000000e+00 0.000000000000000000e+00
-5.075428146539018304e-01 -8.616265381783426713e-01 0.000000000000000000e+00 -7.066875624181565563e+00 8.616265381783426713e-01 -5.075428146539018304e-01 0.000000000000000000e+00 5.804252235179783170e+00 0.000000000000000000e+00 0.000000000000000000e+00 1.000000000000000000e+00 0.000000000000000000e+00
-5.921224911903196775e-01 -8.058479728997087754e-01 0.000000000000000000e+00 -7.600525963673331553e+00 8.058479728997087754e-01 -5.921224911903196775e-01 0.000000000000000000e+00 5.726101164997693616e+00 0.000000000000000000e+00 0.000000000000000000e+00 1.000000000000000000e+00 0.000000000000000000e+00
-6.898592708488447967e-01 -7.239434967066836757e-01 0.000000000000000000e+00 -8.074216449540216445e+00 7.239434967066836757e-01 -6.898592708488447967e-01 0.000000000000000000e+00 5.404628580513799463e+00 0.000000000000000000e+00 0.000000000000000000e+00 1.000000000000000000e+00 0.000000000000000000e+00
-7.515664276881849348e-01 -6.596574147025259238e-01 0.000000000000000000e+00 -8.290123747147120525e+00 6.596574147025259238e-01 -7.515664276881849348e-01 0.000000000000000000e+00 5.090697751274454674e+00 0.000000000000000000e+00 0.000000000000000000e+00 1.000000000000000000e+00 0.000000000000000000e+00
-9.526383707460460704e-01 -3.041054662157833266e-01 0.000000000000000000e+00 -8.621400838529046595e+00 3.041054662157833266e-01 -9.526383707460460704e-01 0.000000000000000000e+00 4.680614088794133210e+00 0.000000000000000000e+00 0.000000000000000000e+00 1.000000000000000000e+00 0.000000000000000000e+00
-9.790283323663566684e-01 -2.037241380493503284e-01 0.000000000000000000e+00 -8.762919329956750047e+00 2.037241380493503284e-01 -9.790283323663566684e-01 0.000000000000000000e+00 4.328860572519764638e+00 0.000000000000000000e+00 0.000000000000000000e+00 1.000000000000000000e+00 0.000000000000000000e+00
1.370666994904422842e-01 -9.905618203276345124e-01 0.000000000000000000e+00 -8.657791384957489456e+00 9.905618203276345124e-01 1.370666994904422842e-01 0.000000000000000000e+00 4.422607042692123791e+00 0.000000000000000000e+00 0.000000000000000000e+00 1.000000000000000000e+00 0.000000000000000000e+00
-9.662769016412648959e-01 2.575052414118153554e-01 0.000000000000000000e+00 -8.569294355401794405e+00 -2.575052414118153554e-01 -9.662769016412648959e-01 0.000000000000000000e+00 4.040408580306435127e+00 0.000000000000000000e+00 0.000000000000000000e+00 1.000000000000000000e+00 0.000000000000000000e+00
-8.337267524217929493e-01 5.521772381185322542e-01 0.000000000000000000e+00 -8.492929649844567663e+00 -5.521772381185322542e-01 -8.337267524217929493e-01 0.000000000000000000e+00 3.689528241978096368e+00 0.000000000000000000e+00 0.000000000000000000e+00 1.000000000000000000e+00 0.000000000000000000e+00
-6.298525699492675267e-01 7.767147096124181749e-01 0.000000000000000000e+00 -8.209840218363149589e+00 -7.767147096124181749e-01 -6.298525699492675267e-01 0.000000000000000000e+00 3.283019658446857392e+00 0.000000000000000000e+00 0.000000000000000000e+00 1.000000000000000000e+00 0.000000000000000000e+00
-3.021523304569834201e-01 9.532596546583800290e-01 0.000000000000000000e+00 -7.764088216502664785e+00 -9.532596546583800290e-01 -3.021523304569834201e-01 0.000000000000000000e+00 3.094547395108066201e+00 0.000000000000000000e+00 0.000000000000000000e+00 1.000000000000000000e+00 0.000000000000000000e+00
-1.498352160389685751e-02 9.998877407391019156e-01 0.000000000000000000e+00 -7.273681964772931607e+00 -9.998877407391019156e-01 -1.498352160389685751e-02 0.000000000000000000e+00 3.185774695405487744e+00 0.000000000000000000e+00 0.000000000000000000e+00 1.000000000000000000e+00 0.000000000000000000e+00
1.601419678586947226e-01 9.870939925510360258e-01 0.000000000000000000e+00 -6.637733655126353050e+00 -9.870939925510360258e-01 1.601419678586947226e-01 0.000000000000000000e+00 3.215709564206389537e+00 0.000000000000000000e+00 0.000000000000000000e+00 1.000000000000000000e+00 0.000000000000000000e+00
3.941565723436866175e-01 9.190433050070471177e-01 0.000000000000000000e+00 -6.131112054235235753e+00 -9.190433050070471177e-01 3.941565723436866175e-01 0.000000000000000000e+00 3.397299829717966624e+00 0.000000000000000000e+00 0.000000000000000000e+00 1.000000000000000000e+00 0.000000000000000000e+00
6.757059249974394222e-01 7.371712846573411637e-01 0.000000000000000000e+00 -5.972470579994533679e+00 -7.371712846573411637e-01 6.757059249974394222e-01 0.000000000000000000e+00 3.718662211797093775e+00 0.000000000000000000e+00 0.000000000000000000e+00 1.000000000000000000e+00 0.000000000000000000e+00
8.885232970291219168e-01 4.588315057147871467e-01 0.000000000000000000e+00 -5.794026134816308016e+00 -4.588315057147871467e-01 8.885232970291219168e-01 0.000000000000000000e+00 4.177184620354462474e+00 0.000000000000000000e+00 0.000000000000000000e+00 1.000000000000000000e+00 0.000000000000000000e+00
-9.945039066180884069e-01 -1.046994733576086245e-01 0.000000000000000000e+00 -5.596036453748541639e+00 1.046994733576086245e-01 -9.945039066180884069e-01 0.000000000000000000e+00 4.597241567861541256e+00 0.000000000000000000e+00 0.000000000000000000e+00 1.000000000000000000e+00 0.000000000000000000e+00
-9.894576875017927486e-01 1.448222518938465098e-01 0.000000000000000000e+00 -5.742247850255781216e+00 -1.448222518938465098e-01 -9.894576875017927486e-01 0.000000000000000000e+00 5.286455470787005062e+00 0.000000000000000000e+00 0.000000000000000000e+00 1.000000000000000000e+00 0.000000000000000000e+00
-8.767408527911685345e-01 4.809630724359351128e-01 0.000000000000000000e+00 -5.988859662296205144e+00 -4.809630724359351128e-01 -8.767408527911685345e-01 0.000000000000000000e+00 5.687156957790477030e+00 0.000000000000000000e+00 0.000000000000000000e+00 1.000000000000000000e+00 0.000000000000000000e+00
-7.035847346054133755e-01 7.106113714473123455e-01 0.000000000000000000e+00 -6.153562111521718059e+00 -7.106113714473123455e-01 -7.035847346054133755e-01 0.000000000000000000e+00 6.189862098258496204e+00 0.000000000000000000e+00 0.000000000000000000e+00 1.000000000000000000e+00 0.000000000000000000e+00
-4.714690219598833831e-01 8.818826233304469797e-01 0.000000000000000000e+00 -6.481521900781602952e+00 -8.818826233304469797e-01 -4.714690219598833831e-01 0.000000000000000000e+00 6.397283570061369495e+00 0.000000000000000000e+00 0.000000000000000000e+00 1.000000000000000000e+00 0.000000000000000000e+00
-9.860319182360346990e-02 9.951268313949722666e-01 0.000000000000000000e+00 -6.993592147694621453e+00 -9.951268313949722666e-01 -9.860319182360346990e-02 0.000000000000000000e+00 6.581041448180110720e+00 0.000000000000000000e+00 0.000000000000000000e+00 1.000000000000000000e+00 0.000000000000000000e+00
1.838557618654239612e-01 9.829532332867543243e-01 0.000000000000000000e+00 -7.376323763668661826e+00 -9.829532332867543243e-01 1.838557618654239612e-01 0.000000000000000000e+00 6.673313938904134268e+00 0.000000000000000000e+00 0.000000000000000000e+00 1.000000000000000000e+00 0.000000000000000000e+00
6.814732605208225769e-01 7.318430126708316275e-01 0.000000000000000000e+00 -7.781018472628571381e+00 -7.318430126708316275e-01 6.814732605208225769e-01 0.000000000000000000e+00 6.520468418978012437e+00 0.000000000000000000e+00 0.000000000000000000e+00 1.000000000000000000e+00 0.000000000000000000e+00
8.757435536037526669e-01 4.827765822007848429e-01 0.000000000000000000e+00 -8.114879331900286985e+00 -4.827765822007848429e-01 8.757435536037526669e-01 0.000000000000000000e+00 6.284398045599439264e+00 0.000000000000000000e+00 0.000000000000000000e+00 1.000000000000000000e+00 0.000000000000000000e+00
9.554036334428835930e-01 2.953030599301947334e-01 0.000000000000000000e+00 -8.202916496375509681e+00 -2.953030599301947334e-01 9.554036334428835930e-01 0.000000000000000000e+00 5.928161535842985330e+00 0.000000000000000000e+00 0.000000000000000000e+00 1.000000000000000000e+00 0.000000000000000000e+00
9.999990149806609052e-01 1.403580317566599511e-03 0.000000000000000000e+00 -8.199829640493403460e+00 -1.403580317566599511e-03 9.999990149806609052e-01 0.000000000000000000e+00 5.948953516041434852e+00 0.000000000000000000e+00 0.000000000000000000e+00 1.000000000000000000e+00 0.000000000000000000e+00
9.997735044954649819e-01 2.128238024414530472e-02 0.000000000000000000e+00 -8.225797832490794548e+00 -2.128238024414530472e-02 9.997735044954649819e-01 0.000000000000000000e+00 5.437850816512005636e+00 0.000000000000000000e+00 0.000000000000000000e+00 1.000000000000000000e+00 0.000000000000000000e+00
9.899016921496668342e-01 -1.417555638386947259e-01 0.000000000000000000e+00 -8.292215002923184031e+00 1.417555638386947259e-01 9.899016921496668342e-01 0.000000000000000000e+00 4.917583358714680664e+00 0.000000000000000000e+00 0.000000000000000000e+00 1.000000000000000000e+00 0.000000000000000000e+00
9.558870995227732870e-01 -2.937343237790565054e-01 0.000000000000000000e+00 -8.201936927698616486e+00 2.937343237790565054e-01 9.558870995227732870e-01 0.000000000000000000e+00 4.408378971675117164e+00 0.000000000000000000e+00 0.000000000000000000e+00 1.000000000000000000e+00 0.000000000000000000e+00
9.209133766108532626e-01 -3.897673059393216843e-01 0.000000000000000000e+00 -8.109068980421382022e+00 3.897673059393216843e-01 9.209133766108532626e-01 0.000000000000000000e+00 4.002745878297747417e+00 0.000000000000000000e+00 0.000000000000000000e+00 1.000000000000000000e+00 0.000000000000000000e+00
8.531861342605250309e-01 -5.216065761717171290e-01 0.000000000000000000e+00 -7.851424699051653633e+00 5.216065761717171290e-01 8.531861342605250309e-01 0.000000000000000000e+00 3.470566710195400972e+00 0.000000000000000000e+00 0.000000000000000000e+00 1.000000000000000000e+00 0.000000000000000000e+00
8.720167110946761557e-01 -4.894761031670739615e-01 0.000000000000000000e+00 -7.501735840746729167e+00 4.894761031670739615e-01 8.720167110946761557e-01 0.000000000000000000e+00 2.941708238281453447e+00 0.000000000000000000e+00 0.000000000000000000e+00 1.000000000000000000e+00 0.000000000000000000e+00
8.395435098610851687e-01 -5.432924581200534453e-01 0.000000000000000000e+00 -7.103823617577643468e+00 5.432924581200534453e-01 8.395435098610851687e-01 0.000000000000000000e+00 2.361200835345880211e+00 0.000000000000000000e+00 0.000000000000000000e+00 1.000000000000000000e+00 0.000000000000000000e+00
7.764673104960955197e-01 -6.301575324718098337e-01 0.000000000000000000e+00 -6.862784885477556607e+00 6.301575324718098337e-01 7.764673104960955197e-01 0.000000000000000000e+00 1.997615946018279631e+00 0.000000000000000000e+00 0.000000000000000000e+00 1.000000000000000000e+00 0.000000000000000000e+00
6.387573942371497226e-01 -7.694082085001214821e-01 0.000000000000000000e+00 -6.492578115356637092e+00 7.694082085001214821e-01 6.387573942371497226e-01 0.000000000000000000e+00 1.579103339769499126e+00 0.000000000000000000e+00 0.000000000000000000e+00 1.000000000000000000e+00 0.000000000000000000e+00
6.736327763933710466e-01 -7.390662233985251239e-01 0.000000000000000000e+00 -6.022827449013982815e+00 7.390662233985251239e-01 6.736327763933710466e-01 0.000000000000000000e+00 1.167270433157614473e+00 0.000000000000000000e+00 0.000000000000000000e+00 1.000000000000000000e+00 0.000000000000000000e+00
7.385048866858018313e-01 -6.742481237209273504e-01 0.000000000000000000e+00 -5.647226199711098182e+00 6.742481237209273504e-01 7.385048866858018313e-01 0.000000000000000000e+00 9.066687200509662148e-01 0.000000000000000000e+00 0.000000000000000000e+00 1.000000000000000000e+00 0.000000000000000000e+00
7.278050194376812776e-01 -6.857841159441624423e-01 0.000000000000000000e+00 -5.309612511053539485e+00 6.857841159441624423e-01 7.278050194376812776e-01 0.000000000000000000e+00 4.558666189642356370e-01 0.000000000000000000e+00 0.000000000000000000e+00 1.000000000000000000e+00 0.000000000000000000e+00
6.200144365326937246e-01 -7.845904017326787994e-01 0.000000000000000000e+00 -4.971525975608135361e+00 7.845904017326787994e-01 6.200144365326937246e-01 0.000000000000000000e+00 1.623962182386054776e-01 0.000000000000000000e+00 0.000000000000000000e+00 1.000000000000000000e+00 0.000000000000000000e+00
5.438326369803578864e-01 -8.391936981144402230e-01 0.000000000000000000e+00 -4.472386266049714010e+00 8.391936981144402230e-01 5.438326369803578864e-01 0.000000000000000000e+00 -2.555330451196860531e-01 0.000000000000000000e+00 0.000000000000000000e+00 1.000000000000000000e+00 0.000000000000000000e+00
3.517818221198670270e-01 -9.360820207791763492e-01 0.000000000000000000e+00 -4.140746565393321532e+00 9.360820207791763492e-01 3.517818221198670270e-01 0.000000000000000000e+00 -6.962346280928514153e-01 0.000000000000000000e+00 0.000000000000000000e+00 1.000000000000000000e+00 0.000000000000000000e+00
4.212633637069434500e-01 -9.069383542437222667e-01 0.000000000000000000e+00 -3.624957970691855991e+00 9.069383542437222667e-01 4.212633637069434500e-01 0.000000000000000000e+00 -8.517261452714935954e-01 0.000000000000000000e+00 0.000000000000000000e+00 1.000000000000000000e+00 0.000000000000000000e+00
5.655950594484450145e-01 -8.246831080648553414e-01 0.000000000000000000e+00 -3.114107729440287908e+00 8.246831080648553414e-01 5.655950594484450145e-01 0.000000000000000000e+00 -1.053133463484954735e+00 0.000000000000000000e+00 0.000000000000000000e+00 1.000000000000000000e+00 0.000000000000000000e+00
4.690881712969803274e-01 -8.831513389840128792e-01 0.000000000000000000e+00 -2.524383059289628584e+00 8.831513389840128792e-01 4.690881712969803274e-01 0.000000000000000000e+00 -1.428476572621359075e+00 0.000000000000000000e+00 0.000000000000000000e+00 1.000000000000000000e+00 0.000000000000000000e+00
4.488003768102412083e-01 -8.936320393623907732e-01 0.000000000000000000e+00 -2.056485802716648159e+00 8.936320393623907732e-01 4.488003768102412083e-01 0.000000000000000000e+00 -1.447232267188101051e+00 0.000000000000000000e+00 0.000000000000000000e+00 1.000000000000000000e+00 0.000000000000000000e+00
3.402307961747665366e-01 -9.403419619129439466e-01 0.000000000000000000e+00 -2.077775724436323745e+00 9.403419619129439466e-01 3.402307961747665366e-01 0.000000000000000000e+00 -1.496870177198441842e+00 0.000000000000000000e+00 0.000000000000000000e+00 1.000000000000000000e+00 0.000000000000000000e+00
2.524576758496595019e-01 -9.676079381157371984e-01 0.000000000000000000e+00 -1.606340787163614170e+00 9.676079381157371984e-01 2.524576758496595019e-01 0.000000000000000000e+00 -1.585134964663801993e+00 0.000000000000000000e+00 0.000000000000000000e+00 1.000000000000000000e+00 0.000000000000000000e+00
1.046917234536430680e-01 -9.945047224826566445e-01 0.000000000000000000e+00 -1.218738663974106462e+00 9.945047224826566445e-01 1.046917234536430680e-01 0.000000000000000000e+00 -1.460725295360745912e+00 0.000000000000000000e+00 0.000000000000000000e+00 1.000000000000000000e+00 0.000000000000000000e+00
-7.548141176272708808e-02 -9.971472090309964065e-01 0.000000000000000000e+00 -7.803179565208935298e-01 9.971472090309964065e-01 -7.548141176272708808e-02 0.000000000000000000e+00 -1.311721091581639298e+00 0.000000000000000000e+00 0.000000000000000000e+00 1.000000000000000000e+00 0.000000000000000000e+00
-2.755121280400615325e-01 -9.612975955981772902e-01 0.000000000000000000e+00 -2.911970902437295283e-01 9.612975955981772902e-01 -2.755121280400615325e-01 0.000000000000000000e+00 -1.233192795461148350e+00 0.000000000000000000e+00 0.000000000000000000e+00 1.000000000000000000e+00 0.000000000000000000e+00
-4.317060533968518077e-01 -9.020143477021385081e-01 0.000000000000000000e+00 -5.484243181944869344e-02 9.020143477021385081e-01 -4.317060533968518077e-01 0.000000000000000000e+00 -9.720133824015370072e-01 0.000000000000000000e+00 0.000000000000000000e+00 1.000000000000000000e+00 0.000000000000000000e+00
-5.610640689741727138e-01 -8.277723784387498451e-01 0.000000000000000000e+00 2.251308757301274943e-01 8.277723784387498451e-01 -5.610640689741727138e-01 0.000000000000000000e+00 -7.391381416915909774e-01 0.000000000000000000e+00 0.000000000000000000e+00 1.000000000000000000e+00 0.000000000000000000e+00
-6.894633094201623180e-01 -7.243206092355770620e-01 0.000000000000000000e+00 4.719631336639787955e-01 7.243206092355770620e-01 -6.894633094201623180e-01 0.000000000000000000e+00 -5.525833832063982154e-01 0.000000000000000000e+00 0.000000000000000000e+00 1.000000000000000000e+00 0.000000000000000000e+00
-8.034270365875740838e-01 -5.954032220941610776e-01 0.000000000000000000e+00 6.964150610697278365e-01 5.954032220941610776e-01 -8.034270365875740838e-01 0.000000000000000000e+00 -1.514940247406128537e-01 0.000000000000000000e+00 0.000000000000000000e+00 1.000000000000000000e+00 0.000000000000000000e+00
-8.656228540981792952e-01 -5.006965892263718354e-01 0.000000000000000000e+00 9.246471822376479688e-01 5.006965892263718354e-01 -8.656228540981792952e-01 0.000000000000000000e+00 1.193443906900826662e-01 0.000000000000000000e+00 0.000000000000000000e+00 1.000000000000000000e+00 0.000000000000000000e+00
9.255718984766501123e-01 3.785718699934394471e-01 0.000000000000000000e+00 1.123419456582622544e+00 -3.785718699934394471e-01 9.255718984766501123e-01 0.000000000000000000e+00 5.506810045285617239e-01 0.000000000000000000e+00 0.000000000000000000e+00 1.000000000000000000e+00 0.000000000000000000e+00
9.569689017577170942e-01 2.901904910031148366e-01 0.000000000000000000e+00 1.188726786096031329e+00 -2.901904910031148366e-01 9.569689017577170942e-01 0.000000000000000000e+00 9.305395286102435826e-01 0.000000000000000000e+00 0.000000000000000000e+00 1.000000000000000000e+00 0.000000000000000000e+00
9.750348781729232250e-01 2.220517650150810873e-01 0.000000000000000000e+00 1.270316927342953983e+00 -2.220517650150810873e-01 9.750348781729232250e-01 0.000000000000000000e+00 1.377789408377526170e+00 0.000000000000000000e+00 0.000000000000000000e+00 1.000000000000000000e+00 0.000000000000000000e+00
9.970698332290440780e-01 7.649671669167429355e-02 0.000000000000000000e+00 1.322329351097468741e+00 -7.649671669167429355e-02 9.970698332290440780e-01 0.000000000000000000e+00 1.961873368021270991e+00 0.000000000000000000e+00 0.000000000000000000e+00 1.000000000000000000e+00 0.000000000000000000e+00
9.819693948865573230e-01 -1.890399627225111123e-01 0.000000000000000000e+00 1.225926146654140680e+00 1.890399627225111123e-01 9.819693948865573230e-01 0.000000000000000000e+00 2.205564912512323339e+00 0.000000000000000000e+00 0.000000000000000000e+00 1.000000000000000000e+00 0.000000000000000000e+00
9.461816175239482485e-01 -3.236361331182983081e-01 0.000000000000000000e+00 1.102197610066365518e+00 3.236361331182983081e-01 9.461816175239482485e-01 0.000000000000000000e+00 2.554719796811213861e+00 0.000000000000000000e+00 0.000000000000000000e+00 1.000000000000000000e+00 0.000000000000000000e+00
8.668674971231847826e-01 -4.985386067611867755e-01 0.000000000000000000e+00 7.345994000387303657e-01 4.985386067611867755e-01 8.668674971231847826e-01 0.000000000000000000e+00 3.000058147215146853e+00 0.000000000000000000e+00 0.000000000000000000e+00 1.000000000000000000e+00 0.000000000000000000e+00
8.261844450294039133e-01 -5.633997362365871231e-01 0.000000000000000000e+00 4.271700479315012067e-01 5.633997362365871231e-01 8.261844450294039133e-01 0.000000000000000000e+00 3.512583526052100780e+00 0.000000000000000000e+00 0.000000000000000000e+00 1.000000000000000000e+00 0.000000000000000000e+00
7.628178590623233557e-01 -6.466134192046847362e-01 0.000000000000000000e+00 3.244232982063492976e-01 6.466134192046847362e-01 7.628178590623233557e-01 0.000000000000000000e+00 3.750850974354214440e+00 0.000000000000000000e+00 0.000000000000000000e+00 1.000000000000000000e+00 0.000000000000000000e+00
-6.790040409026664170e-01 7.341345329282978893e-01 0.000000000000000000e+00 -1.530647653787651219e-01 -7.341345329282978893e-01 -6.790040409026664170e-01 0.000000000000000000e+00 4.012879662169845041e+00 0.000000000000000000e+00 0.000000000000000000e+00 1.000000000000000000e+00 0.000000000000000000e+00
